B 20 P 50 6 16, 5
B 20 Q 28 5 5, 35, 49, 23
D 19 Q 28 8 39, 5, 41, 45
E 49 Q 28 8 9, 31, 5, 3
B 20 Q 28 5 5, 35, 49, 23
A 7 P 50 11 13, 50, 47, 5
P 50 V 45 9 5
P 50 Z 6 9 49, 5, 7, 11, 37
B 20 P 50 6 16, 5
P 50 X 28 6 31, 5
P 50 R 19 5 14, 50, 5
P 50 R 19 5 14, 50, 5
J 21 N 9 8 5, 49, 4, 29
N 9 Z 6 5 5, 40, 18, 22
G 20 Z 6 9 5, 34, 46, 12, 42
P 50 Z 6 9 49, 5, 7, 11, 37
T 21 Z 6 8 5, 50, 30
Z 6 Y 34 8 39, 5, 44
M 50 Z 6 6 15, 49, 5, 36
N 9 Z 6 5 5, 40, 18, 22
H 46 K 16 7 10, 3, 5, 13, 30
K 16 C 12 5 5, 34
K 16 C 12 5 5, 34
L 41 X 28 9 16, 2, 46, 11, 5
P 50 X 28 6 31, 5
M 50 Z 6 6 15, 49, 5, 36
S 28 E 49 6 5, 14, 31, 39, 44
E 49 Q 28 8 9, 31, 5, 3
S 28 E 49 6 5, 14, 31, 39, 44
H 46 V 45 7 21, 39, 9, 35, 5
H 46 K 16 7 10, 3, 5, 13, 30
O 45 V 45 11 5
P 50 V 45 9 5
H 46 V 45 7 21, 39, 9, 35, 5
F 9 U 50 7 5, 49, 34
D 19 U 50 9 45, 42, 23, 5, 41
F 9 U 50 7 5, 49, 34
W 49 Y 34 7 21, 15, 9, 31, 5
Z 6 Y 34 8 39, 5, 44
W 49 Y 34 7 21, 15, 9, 31, 5
D 19 U 50 9 45, 42, 23, 5, 41
D 19 Q 28 8 39, 5, 41, 45
J 21 I 9 10 5
J 21 N 9 8 5, 49, 4, 29
T 21 Z 6 8 5, 50, 30
L 41 X 28 9 16, 2, 46, 11, 5
G 20 Z 6 9 5, 34, 46, 12, 42
J 21 I 9 10 5
A 7 P 50 11 13, 50, 47, 5
O 45 V 45 11 5
